---
maxVel: 45.0
maxAccel: 40.0
maxAngVel: 3.141592653589793
maxAngAccel: 3.141592653589793
robotLength: 14.0
robotWidth: 11.0
driveType: "MECANUM"
trackWidth: 7.5
lateralMultiplier: 1.27
